33225
45775
45328
39682
43158
43158
42537
40314
43158
43158
43158
43150
43150
40015
43158
43158
43150
43150
42537
48071
39962
40029
34879
39682
40014
40675
53580
43146
53471
35147
40016
251204
39297
40016
40016
40014
40014
43150
43150
46015
34560
31430
39259
39259
39751
33196
32855
33196
35540
42034
42034
42034
42034
42037
42037
247926
247926
39619
39619
39619
39619
247926
247926
40016
40016
40016
40016
40014
40016
48317
48317
40016
43156
43156
43156
39321
40410
33026
33166
42975
41176
39958
40015
40015
40015
40015
40014
40014
40014
41097
39802
32846
37299
46156
40009
40009
40009
43157
43157
43151
43151
50281
50281
43153
43153
43157
50281
50281
43151
43151
50281
50281
43157
43151
43151
43153
43153
43150
43150
43153
43153
50281
50281
43153
43153
43157
47763
43565
43769
43769
40014
33218
33218
43514
42313
40009
40015
40014
35653
35653
53577
46187
38629
38490
38488
39180
33277
34560
33392
40009
40009
40009
40009
40009
40009
40015
40015
36424
38995
249418
249418
249418
249418
42037
44786
34903
32813
33196
42521
42521
35913
33972
36032
48317
41726
36213
36213
5657005
32285
37201
38961
43769
31151
43769
31151
43769
31151
43769
31151
41366
5908
38895